Results of training parameters on pauwel's dataset
Fixed parameter values:
    - learn_rate = 0.005
    - tolerance
    - max_iter
    - initial U and V = N(0,0.01)
Time: CPU times: user 35min 35s, sys: 3min 21s, total: 38min 56s, Wall time: 32min 27s


{(1,
  0.1): array([0.42904091, 0.57839521, 0.78696278, 0.45425051, 0.07010037,
        0.47078008, 0.12873353]),
 (1,
  1.0): array([0.02565253, 0.4954612 , 0.99697228, 0.06140259, 0.05260858,
        0.10788288, 0.09994332]),
 (1,
  5.0): array([0.02484072, 0.50000086, 1.        , 0.00100875, 0.04972894,
        0.0506399 , 0.09474625]),
 (1,
  10.0): array([2.48407156e-02, 5.00000856e-01, 1.00000000e+00, 4.71432556e-04,
        4.97035375e-02, 5.01292809e-02, 9.47001428e-02]),
 (1,
  15.0): array([2.48407156e-02, 5.00000856e-01, 1.00000000e+00, 3.23414712e-04,
        4.96965438e-02, 4.99886168e-02, 9.46874487e-02]),
 (1,
  20.0): array([2.48407156e-02, 5.00000856e-01, 1.00000000e+00, 2.01920296e-04,
        4.96908048e-02, 4.98731584e-02, 9.46770317e-02]),
 (5,
  0.1): array([0.43062626, 0.57950289, 0.18074695, 0.93796256, 0.13218116,
        0.90034312, 0.1526954 ]),
 (5,
  1.0): array([0.02632767, 0.42486533, 0.99288076, 0.12745278, 0.05614814,
        0.17044834, 0.10628575]),
 (5,
  5.0): array([0.02484078, 0.50000299, 0.99996727, 0.00122778, 0.04973776,
        0.05084642, 0.09476211]),
 (5,
  10.0): array([2.48407762e-02, 5.00002995e-01, 1.00000000e+00, 5.51002842e-04,
        4.97072979e-02, 5.02048980e-02, 9.47069683e-02]),
 (5,
  15.0): array([2.48407762e-02, 5.00002995e-01, 1.00000000e+00, 2.98602472e-04,
        4.96953716e-02, 4.99650372e-02, 9.46853211e-02]),
 (5,
  20.0): array([2.48407762e-02, 5.00002995e-01, 1.00000000e+00, 2.19032186e-04,
        4.96916130e-02, 4.98894201e-02, 9.46784988e-02]),
 (10,
  0.1): array([0.43059805, 0.58011767, 0.78231482, 0.51903612, 0.07836988,
        0.53211614, 0.14246777]),
 (10,
  1.0): array([0.0301661 , 0.58149041, 0.98869104, 0.17860364, 0.05920087,
        0.21884981, 0.11171262]),
 (10,
  5.0): array([0.02507171, 0.50416492, 0.99869071, 0.00964255, 0.05007837,
        0.05877972, 0.0953743 ]),
 (10,
  10.0): array([0.0249211 , 0.50144821, 0.99952538, 0.00337446, 0.04981862,
        0.05286451, 0.09490687]),
 (10,
  15.0): array([0.024886  , 0.5007684 , 0.99963995, 0.00190028, 0.04975412,
        0.05146925, 0.09479033]),
 (10,
  20.0): array([0.02487416, 0.50062147, 0.99983634, 0.00141002, 0.04974019,
        0.05101311, 0.09476594]),
 (15,
  0.1): array([0.43064345, 0.5810188 , 0.78197113, 0.52138387, 0.07869217,
        0.53433018, 0.14299438]),
 (15,
  1.0): array([0.0263453 , 0.48743781, 0.99340447, 0.13318269, 0.05652644,
        0.1759196 , 0.10696632]),
 (15,
  5.0): array([0.02484084, 0.49999786, 0.99996727, 0.00135526, 0.04974379,
        0.05096757, 0.09477306]),
 (15,
  10.0): array([2.48408368e-02, 4.99997861e-01, 1.00000000e+00, 6.75919636e-04,
        4.97132025e-02, 5.03236088e-02, 9.47176854e-02]),
 (15,
  15.0): array([2.48408368e-02, 4.99997861e-01, 1.00000000e+00, 3.59349680e-04,
        4.96982415e-02, 5.00227664e-02, 9.46905302e-02]),
 (15,
  20.0): array([2.48408368e-02, 4.99997861e-01, 1.00000000e+00, 2.25876942e-04,
        4.96919363e-02, 4.98959248e-02, 9.46790856e-02]),
 (20,
  0.1): array([0.43060316, 0.58094153, 0.26449216, 0.91515583, 0.1401344 ,
        0.88283003, 0.18320325]),
 (20,
  1.0): array([0.0273524 , 0.52576403, 0.78602992, 0.38027838, 0.06218465,
        0.40043663, 0.11525148]),
 (20,
  5.0): array([2.48440487e-02, 5.00000856e-01, 1.00000000e+00, 9.50565462e-04,
        4.97261894e-02, 5.05846099e-02, 9.47412571e-02]),
 (20,
  10.0): array([2.48427356e-02, 5.00000856e-01, 1.00000000e+00, 4.39775560e-04,
        4.97020415e-02, 5.00991967e-02, 9.46974276e-02]),
 (20,
  15.0): array([2.48419882e-02, 5.00000856e-01, 1.00000000e+00, 2.15609808e-04,
        4.96914514e-02, 4.98861678e-02, 9.46782054e-02]),
 (20,
  20.0): array([2.48414832e-02, 5.00000856e-01, 1.00000000e+00, 1.86519596e-04,
        4.96900774e-02, 4.98585228e-02, 9.46757114e-02]),
 (25,
  0.1): array([0.43058522, 0.60974141, 0.78257668, 0.51535707, 0.07784527,
        0.52863287, 0.14160469]),
 (25,
  1.0): array([0.02641096, 0.50314714, 0.99381362, 0.12715931, 0.0561801 ,
        0.17021579, 0.10634834]),
 (25,
  5.0): array([2.48407964e-02, 5.00001283e-01, 1.00000000e+00, 8.11103563e-04,
        4.97195939e-02, 5.04520766e-02, 9.47292862e-02]),
 (25,
  10.0): array([2.48407964e-02, 5.00001283e-01, 1.00000000e+00, 3.23414712e-04,
        4.96965438e-02, 4.99886168e-02, 9.46874487e-02]),
 (25,
  15.0): array([2.48407964e-02, 5.00001283e-01, 1.00000000e+00, 1.91653163e-04,
        4.96903199e-02, 4.98634013e-02, 9.46761515e-02]),
 (25,
  20.0): array([2.48407964e-02, 5.00001283e-01, 1.00000000e+00, 1.85664001e-04,
        4.96900370e-02, 4.98577097e-02, 9.46756381e-02]),
 (30,
  0.1): array([0.43064048, 0.5811272 , 0.77244607, 0.59219287, 0.09010106,
        0.60114808, 0.16137834]),
 (30,
  1.0): array([0.0263948 , 0.48047541, 0.79082518, 0.33917904, 0.05887965,
        0.36161739, 0.10959926]),
 (30,
  5.0): array([2.48410186e-02, 4.99998717e-01, 1.00000000e+00, 7.69179434e-04,
        4.97176116e-02, 5.04122353e-02, 9.47256882e-02]),
 (30,
  10.0): array([2.48409984e-02, 4.99998717e-01, 1.00000000e+00, 2.66089882e-04,
        4.96938358e-02, 4.99341399e-02, 9.46825333e-02]),
 (30,
  15.0): array([2.48409984e-02, 4.99998717e-01, 1.00000000e+00, 1.72830084e-04,
        4.96894309e-02, 4.98455134e-02, 9.46745379e-02]),
 (30,
  20.0): array([2.48409984e-02, 4.99998717e-01, 1.00000000e+00, 1.68552112e-04,
        4.96892289e-02, 4.98414479e-02, 9.46741711e-02]),
 (35,
  0.1): array([0.43057693, 0.61513275, 0.27391902, 0.90992472, 0.13717166,
        0.87832715, 0.18280116]),
 (35,
  1.0): array([0.02621695, 0.47982761, 0.994501  , 0.10574549, 0.05494457,
        0.14989999, 0.1041358 ]),
 (35,
  5.0): array([0.02484076, 0.49999872, 0.99996727, 0.0013236 , 0.04974229,
        0.05093749, 0.09477034]),
 (35,
  10.0): array([2.48407560e-02, 4.99998717e-01, 1.00000000e+00, 6.57952152e-04,
        4.97123531e-02, 5.03065340e-02, 9.47161438e-02]),
 (35,
  15.0): array([2.48407560e-02, 4.99998717e-01, 1.00000000e+00, 3.16569956e-04,
        4.96962204e-02, 4.99821121e-02, 9.46868617e-02]),
 (35,
  20.0): array([2.48407560e-02, 4.99998717e-01, 1.00000000e+00, 2.07909458e-04,
        4.96910877e-02, 4.98788500e-02, 9.46775452e-02]),
 (40,
  0.1): array([0.43064858, 0.60958159, 0.19205591, 0.93638741, 0.13632034,
        0.89940807, 0.1594581 ]),
 (40,
  1.0): array([0.02611854, 0.48898814, 0.99399365, 0.11774691, 0.05562358,
        0.16127996, 0.10535171]),
 (40,
  5.0): array([2.48407560e-02, 5.00000428e-01, 9.99983634e-01, 9.60832596e-04,
        4.97259016e-02, 5.05935538e-02, 9.47406614e-02]),
 (40,
  10.0): array([2.48407560e-02, 5.00000428e-01, 1.00000000e+00, 4.50898289e-04,
        4.97025671e-02, 5.01097668e-02, 9.46983816e-02]),
 (40,
  15.0): array([2.48407560e-02, 5.00000428e-01, 1.00000000e+00, 2.33577292e-04,
        4.96923001e-02, 4.99032426e-02, 9.46797458e-02]),
 (40,
  20.0): array([2.48407560e-02, 5.00000428e-01, 1.00000000e+00, 2.20743375e-04,
        4.96916939e-02, 4.98910463e-02, 9.46786455e-02]),
 (50,
  0.1): array([0.4306493 , 0.58558061, 0.72626101, 0.72175383, 0.12007013,
        0.72197775, 0.20607124]),
 (50,
  1.0): array([0.02666886, 0.49447004, 0.99487742, 0.10699466, 0.05503688,
        0.1511058 , 0.10430365]),
 (50,
  5.0): array([0.02484066, 0.50000043, 0.99733233, 0.02703336, 0.05086214,
        0.07523905, 0.09678826]),
 (50,
  10.0): array([0.02484066, 0.50000043, 0.99851069, 0.01102091, 0.05013608,
        0.06008066, 0.09547813]),
 (50,
  15.0): array([0.02484066, 0.50000043, 0.99909987, 0.00577013, 0.04991248,
        0.05512001, 0.09507523]),
 (50,
  20.0): array([0.02484066, 0.50000043, 0.99939446, 0.0038459 , 0.04983482,
        0.05330601, 0.09493568]),
 (100,
  0.1): array([0.43059104, 0.58666948, 0.76450853, 0.63934639, 0.09976358,
        0.64556461, 0.17649559]),
 (100,
  1.0): array([0.02631043, 0.45915983, 0.78190567, 0.40653572, 0.0644399 ,
        0.42518457, 0.11906702]),
 (100,
  5.0): array([0.02484066, 0.50000086, 0.99829793, 0.01395132, 0.05026741,
        0.06285491, 0.09571527]),
 (100,
  10.0): array([0.02484066, 0.50000086, 0.99937809, 0.00459711, 0.04986978,
        0.05401909, 0.09499903]),
 (100,
  15.0): array([0.02484066, 0.50000086, 0.99955812, 0.00290817, 0.04979804,
        0.052423  , 0.09486966]),
 (100,
  20.0): array([0.02484066, 0.50000086, 0.99978724, 0.00187889, 0.04976007,
        0.05145624, 0.0948018 ])}